0.000000000000000000e+00 0.000000000000000000e+00 6.859176695954637637e+01
3.000000000000000000e+01 0.000000000000000000e+00 6.859176695954637637e+01
6.000000000000000000e+01 0.000000000000000000e+00 6.859176695954637637e+01
9.000000000000000000e+01 0.000000000000000000e+00 6.859176695954637637e+01
0.000000000000000000e+00 3.000000000000000000e+01 4.973753253455490153e+01
3.000000000000000000e+01 3.000000000000000000e+01 5.380639266715221680e+01
6.000000000000000000e+01 3.000000000000000000e+01 5.383662182641920424e+01
9.000000000000000000e+01 3.000000000000000000e+01 5.015683314927943570e+01
0.000000000000000000e+00 6.000000000000000000e+01 2.936037612480857106e+01
3.000000000000000000e+01 6.000000000000000000e+01 2.080296239755599430e+01
6.000000000000000000e+01 6.000000000000000000e+01 2.077066703618418941e+01
9.000000000000000000e+01 6.000000000000000000e+01 2.856415467488608684e+01
0.000000000000000000e+00 9.000000000000000000e+01 4.170890577695170265e+01
3.000000000000000000e+01 9.000000000000000000e+01 2.094910751730522236e+01
6.000000000000000000e+01 9.000000000000000000e+01 2.034424606458002316e+01
9.000000000000000000e+01 9.000000000000000000e+01 4.066468269978460626e+01
